
       2.177185      -4.459989       8.346089      13.691222      -5.471204      20.433125     -21.869291       8.524732
      -0.285026      14.995882      -9.183175     -21.320319     -14.081121     -21.599772      -6.752166      14.202444
       1.525806      23.226769      -8.995007      12.654129     -14.912526      29.998901     -24.530048      26.155404
      -9.764079       1.573524     -18.367742      10.330385     -29.909558       3.907120      -2.571518      -1.720836
     -11.347861       7.907864      10.798508     -22.237817       6.969257     -27.183140      19.717500       3.072644
      27.076318     -15.990840       8.184579       3.239702     -17.753314       6.140727     -13.943537     -22.872254
       2.692299     -29.758355      26.585123     -47.619050       9.204298     -15.812465      19.183949      13.951935
      32.548451      -0.707142      10.643113      -3.742637      -9.471286       2.083745     -10.327419     -15.371376
     -21.862135     -13.010730     -11.445977     -14.982434     -26.961938      -6.094464      15.614935      19.597960
      11.671297      -7.700738      22.078819      20.033922      31.421428      10.911853       7.365607     -31.634381
     -31.713493      -1.023590     -28.875699       8.730189     -38.536245      15.970023       2.547616      31.287260
      -3.187372      -6.862408      -0.813182      -8.174129      56.078628     -20.066712      21.972171     -28.521725
       3.008868     -10.451770      11.252397       6.586589     -23.133196      32.668491      -2.608902      37.304439
     -15.996316       9.636934     -13.068471      -5.420136      32.458669      -3.107802      19.153094     -12.534923
      20.324806      20.529614       0.600139      45.040967     -26.266844      40.367027     -11.144592      28.744673
     -16.383729       4.429454     -11.465519     -27.938933      31.710367     -16.159596      22.733703     -23.397783
      -8.146885      18.829509     -21.155974      27.104916      16.537456      -0.510597       4.247343     -23.791242
       9.200198      16.802862      13.879045     -25.518686     -20.803229      -7.960440     -16.140480      12.071571
     -15.256054      22.792613     -31.316208      37.385455      -1.513483      25.295927      -6.042775       9.203963
       6.483923      20.312634      -3.420326      21.598467     -62.834610      33.506936     -26.884776      31.662410
     -16.880390     -11.031699       0.577047     -18.668259      28.528900     -46.793737      31.342212     -29.618386
      16.561974      20.493593     -14.662807      36.036897     -38.826733      30.310528      -0.403936       8.051118
      -5.400391     -47.867281      22.787867     -72.147776      39.288836     -60.887722      34.683741     -33.545694
       6.306211      14.217568      -5.325867      21.303206       3.261375      21.400020      11.629521      -5.192860
     -18.220068       9.712960      -9.217619      -8.661876     -13.043453     -14.979635      21.567376      -8.296085
      15.625012     -35.863832      25.825265      23.840363      28.716610      19.065034       0.259103     -22.215094
      -9.873895      18.708026     -19.027833      -7.372578      -6.327722      -9.402929       9.462920      -8.714490
     -14.478599     -15.296243      -5.493108      12.179206      30.457898      -0.947847      -9.448570     -22.996293
      10.532501       9.003968      17.363717       0.713397      17.453612      -4.550526      16.597981      11.170060
     -21.040090      -0.779881     -14.723285      -2.450160      -8.763666      30.691734     -26.994533      20.561815
      32.058366     -10.047170      36.670367      -1.657255      27.375955     -16.815857      15.335867       9.632944
     -11.792734      -4.282505      -1.143421     -18.751323       1.835236       8.409147     -16.108209      -5.244339
      -5.656243      -0.836267      -4.796819      -4.663653      36.927758       3.905178      34.452881     -34.914134
     -23.807691      48.374813     -20.506419      -2.420066     -29.742800     -22.316874     -44.435929       5.703471
      -8.585146     -22.915907      -1.671883      18.221800      10.302737      35.935669      30.370320     -13.380544
     -11.832676      49.412027     -38.541397      49.984907     -78.212902      14.579155     -61.429968      19.112112
      17.094964     -45.555309       6.613134     -15.150287      22.164742       9.310923      40.914167      -7.998036
       4.476147      45.788546     -25.365856      30.886851     -33.836539     -20.180306      -5.729074      -8.143307
     -10.055110     -22.889056      -7.465746     -36.337601       2.474908       0.860241       7.457032       3.796112
     -26.831336      28.547091     -20.805798      45.838928      -8.285715      21.218564     -15.441989       9.237600
      -2.618416      -3.078305      -6.507950     -18.393580     -19.335691       3.011563      -9.881535      -2.605423
      14.344597     -17.155535      -1.839598      18.920073      22.756593      -1.133541      39.611890      -2.395429
       9.510481      13.414751      28.825122     -24.156152      13.617647     -27.926475     -18.804914      -1.748882
      -2.076049      -3.688606      -4.093654       4.823962      20.628854       4.303366      30.435828       0.609410
      -5.320922      21.956271      25.842932       2.726644       5.675654       1.472880     -29.165884      12.939607
     -31.956767       1.193379     -31.131171      12.520123     -12.078343      35.280361      -7.266380       2.635209
      26.936390     -17.274974      27.571064      -2.091171      -0.071960       9.484260      -4.909410      18.974069
      15.024728     -11.351431      17.989674     -30.972201       3.202035     -16.075060      23.398550     -19.373827
       1.796129       2.058515      15.998474     -15.145160      25.356601      -4.524271      32.543064     -30.824471
      -5.512770      21.318995      -8.171804      -5.051028     -24.103694      -8.166606     -47.271613       9.156757
     -11.095007      -4.038594      15.221281     -10.072077      29.543767     -18.150863      57.096401     -46.270560
      -6.560906      28.042929     -51.269500      47.424210     -72.423920      43.118527     -69.692487      37.422026
      14.529284      -6.975059      21.631783     -12.406928      35.287068     -29.670877      58.706367     -38.793790
      12.876338       3.531605     -19.122916       0.778321     -21.811143      -5.824906     -18.293269      15.022572
      10.598225      10.924860      14.271411     -11.182872       0.135063      -4.573906       9.064682      -1.217827
     -19.144440      -4.985945     -21.007392       5.820989     -22.286334      23.441723     -24.125598      26.435224
      10.619366     -26.807701      -8.681409     -27.546502     -22.501597      26.381537     -26.106168      36.381813
      -5.433476      -2.519942     -16.167435      27.043779       2.634029     -11.501198      24.957530     -23.745645
      27.570736     -22.188500      23.558691     -44.903689      17.203229       0.525384     -13.602175      30.238873
       9.151334      -8.281378       9.745758       6.702007       4.316776     -17.832232      23.664021     -19.683254
      -8.149447       7.438003       4.083011      -3.757000     -16.010964      19.813720     -47.336369      32.080772
      -5.568471     -10.374191     -16.705849       1.323959     -22.992369      11.228747      -8.004657       5.404421
      10.312923      -9.496226      15.142449       3.090244     -18.484580      22.716584     -34.528996      30.063863
      16.702979       8.866174       8.324002      -9.864636      -5.917014     -30.368614      31.030788     -22.424508