1000 5000
1 415 8
1 555 80
1 588 72
1 707 67
1 310 83
1 719 72
1 66 48
1 508 97
2 940 49
2 324 83
2 447 93
2 232 72
2 83 62
2 395 13
2 30 87
3 652 30
4 944 99
4 102 11
4 521 34
4 402 23
4 184 8
5 318 12
5 114 54
5 556 56
5 151 77
5 985 91
5 992 97
6 178 62
6 306 25
7 267 88
7 122 80
7 39 40
7 764 10
8 728 53
8 575 90
8 534 83
9 246 2
9 615 11
9 870 92
9 546 3
10 334 5
10 814 83
10 321 26
10 638 90
10 178 2
10 331 40
11 281 35
11 349 86
11 164 43
11 123 34
12 124 68
12 882 47
12 646 84
12 38 16
12 845 9
12 327 13
12 254 58
13 98 68
13 992 52
13 608 16
13 366 94
14 327 12
14 546 73
14 308 86
14 696 21
14 900 97
14 20 38
15 143 30
15 516 32
15 490 35
16 616 92
16 853 59
16 135 55
16 525 83
17 931 72
17 90 35
17 532 23
17 387 55
17 107 22
18 641 21
18 72 90
18 916 46
19 113 24
19 378 19
19 809 23
19 289 70
19 708 42
20 682 71
20 14 38
21 103 81
21 928 61
21 63 78
21 30 83
21 992 61
21 94 56
22 326 8
22 361 13
22 770 86
23 248 50
23 783 61
23 510 29
23 206 77
23 438 14
24 858 43
24 901 22
24 870 23
25 33 24
25 950 42
25 199 7
25 970 36
25 205 35
25 373 50
25 737 76
25 739 96
26 292 97
26 868 73
26 291 95
26 779 4
26 119 21
27 940 78
27 411 3
27 212 79
27 360 0
28 236 69
28 242 43
28 273 57
28 476 55
28 345 51
29 495 13
29 169 75
29 393 84
30 21 83
30 570 38
30 870 73
30 236 24
30 364 71
30 2 87
30 756 47
31 904 56
31 307 70
31 791 46
31 252 16
32 671 28
32 716 14
32 338 86
32 101 63
32 37 78
32 806 59
32 129 64
33 130 64
33 472 70
33 924 12
33 25 24
33 698 17
33 538 96
33 294 63
34 531 77
34 320 71
34 123 10
35 91 37
35 381 43
35 525 6
35 646 73
35 397 95
36 739 47
36 357 52
36 700 58
36 250 7
36 663 31
36 217 29
36 375 29
36 591 33
37 246 4
37 117 65
37 327 93
37 999 13
37 879 98
37 71 14
37 191 92
37 679 62
37 565 81
37 836 25
37 32 78
38 12 16
38 930 64
38 183 56
38 322 99
39 66 95
39 702 65
39 785 76
39 55 49
39 221 53
39 7 40
39 241 5
39 394 61
40 349 37
40 244 93
40 870 65
40 821 1
41 368 79
41 261 71
41 887 8
41 880 47
41 633 22
42 769 42
42 378 19
42 492 6
42 743 42
42 794 2
42 897 48
42 623 11
42 369 94
43 193 67
43 961 50
43 485 33
43 149 22
43 654 76
43 979 81
44 537 28
45 187 36
45 151 68
45 871 77
45 683 74
46 669 68
46 129 55
46 454 73
47 675 69
47 445 49
47 434 78
48 486 80
48 708 86
49 337 76
49 255 95
49 379 7
50 718 51
50 80 23
50 201 69
50 937 41
50 467 37
51 779 20
51 540 59
51 939 49
51 905 14
51 564 55
51 823 46
51 221 6
52 332 87
52 162 86
52 228 21
52 168 39
53 218 74
53 388 42
53 104 93
53 693 20
54 167 40
54 550 90
54 498 88
54 687 14
54 303 45
55 642 63
55 39 49
55 543 7
56 831 24
56 694 7
56 897 94
57 236 41
57 583 14
57 446 6
57 560 38
57 422 93
57 801 4
57 906 23
57 219 16
57 606 31
57 912 85
58 369 15
58 243 15
58 248 58
59 405 65
59 945 30
59 450 19
60 401 44
60 475 47
60 297 56
60 769 34
60 485 7
61 215 51
61 968 93
61 914 56
61 385 51
61 73 9
62 832 16
62 72 64
62 156 12
62 811 76
63 21 78
63 347 22
63 119 97
64 454 81
64 322 33
64 674 51
64 449 60
64 306 36
65 415 35
65 592 87
65 739 74
65 908 52
65 450 18
65 96 38
65 315 30
65 447 85
65 734 7
65 687 35
66 458 96
66 234 8
66 39 95
66 291 29
66 1 48
66 901 41
67 159 7
67 769 65
67 641 33
67 514 80
67 335 2
67 77 21
67 267 63
68 295 81
68 576 15
68 365 13
68 355 69
69 997 46
69 375 90
69 636 3
70 448 22
70 389 84
70 592 98
70 677 76
70 465 69
71 171 88
71 784 79
71 619 85
71 637 97
71 291 27
71 37 14
72 18 90
72 830 95
72 62 64
73 482 58
73 335 53
73 960 66
73 735 82
73 353 18
73 303 85
73 61 9
74 373 84
74 380 47
74 237 15
74 284 1
74 349 87
74 670 43
74 119 78
75 807 42
76 458 48
76 347 32
77 642 41
77 202 6
77 67 21
78 81 85
78 124 92
79 373 26
79 972 74
79 325 44
79 571 37
79 758 11
80 872 28
80 50 23
80 581 78
80 210 50
80 941 76
81 246 27
81 331 69
81 78 85
81 906 13
81 569 17
81 692 72
81 634 76
81 691 14
81 441 42
81 658 24
81 680 90
81 208 58
81 389 9
82 660 0
82 702 45
82 410 85
82 299 20
82 753 27
82 759 31
82 831 9
82 522 42
82 350 21
82 228 57
83 698 76
83 475 71
83 693 3
83 852 71
83 2 62
83 223 90
83 992 49
84 91 10
84 987 84
84 163 60
84 150 39
84 641 21
84 111 90
84 300 95
85 240 45
85 238 91
85 306 79
85 269 78
85 228 58
85 903 63
85 990 16
86 973 92
86 539 80
86 597 99
86 969 64
86 914 69
86 159 35
87 514 34
87 327 99
87 111 14
87 622 63
88 838 18
88 99 13
88 303 55
89 240 38
89 722 61
89 563 40
89 734 85
89 121 70
89 587 12
90 827 56
90 17 35
90 412 41
90 991 35
91 849 16
91 84 10
91 156 1
91 35 37
91 857 22
91 464 81
91 418 98
91 667 83
91 668 53
92 273 18
92 120 80
92 478 48
92 145 61
92 589 29
93 812 9
93 693 63
93 488 98
93 637 85
93 306 97
93 225 28
94 821 19
94 157 18
94 527 40
94 763 40
94 21 56
95 626 52
95 893 45
95 729 2
95 526 70
95 722 91
95 997 52
95 813 79
95 655 49
96 954 47
96 253 26
96 65 38
96 884 55
96 993 36
96 944 10
97 288 60
97 855 70
97 821 81
98 964 34
98 13 68
98 744 71
98 606 40
98 971 65
98 144 92
99 835 83
99 598 83
99 228 74
99 466 19
99 88 13
100 444 4
101 997 54
101 32 63
101 411 33
101 787 31
102 593 31
102 4 11
102 877 47
103 544 58
103 21 81
103 667 11
103 933 65
103 133 5
103 389 12
104 304 34
104 128 82
104 568 21
104 169 72
104 53 93
104 791 33
105 184 94
105 434 93
105 375 4
105 977 43
105 135 25
105 234 32
105 451 68
105 987 7
106 265 93
106 816 79
106 517 26
107 671 62
107 413 12
107 559 18
107 501 74
107 272 69
107 17 22
108 758 96
108 233 43
108 702 87
108 785 45
109 329 84
109 733 96
109 934 58
109 370 7
109 871 54
109 742 9
110 395 53
110 528 41
110 693 40
110 955 65
110 343 87
110 499 13
110 254 61
110 462 9
111 772 91
111 832 97
111 87 14
111 760 45
111 84 90
112 641 33
112 406 80
112 226 62
112 929 13
112 154 73
112 417 16
112 343 65
113 872 18
113 123 86
113 19 24
113 632 86
113 398 8
113 575 7
113 295 21
114 5 54
114 567 57
114 990 48
114 952 12
114 831 94
115 300 22
115 806 78
115 134 69
115 988 31
115 330 64
115 998 91
116 671 11
116 800 80
116 535 89
117 37 65
117 208 49
118 739 13
118 254 7
118 789 29
118 866 23
119 720 59
119 212 85
119 63 97
119 74 78
119 923 22
119 26 21
119 342 41
120 652 58
120 92 80
120 201 37
120 221 31
121 730 79
121 275 56
121 307 93
121 166 66
121 731 6
121 708 3
121 89 70
121 366 94
122 7 80
122 536 40
122 462 51
122 377 5
122 256 64
122 291 84
122 304 6
123 113 86
123 11 34
123 34 10
124 78 92
124 12 68
124 294 9
124 551 27
124 300 81
124 824 34
124 989 53
124 150 38
124 699 63
124 919 38
125 292 98
125 574 32
125 321 4
125 626 1
126 217 72
127 551 97
127 316 93
127 974 63
127 695 5
128 300 13
128 104 82
128 266 86
129 396 61
129 915 71
129 867 34
129 802 96
129 46 55
129 181 0
129 32 64
129 474 90
129 645 22
130 908 71
130 33 64
130 139 39
130 168 12
130 277 28
130 162 98
130 421 15
130 209 61
131 582 61
131 317 65
131 552 53
132 649 38
132 284 63
132 332 53
132 791 78
133 630 96
133 938 74
133 462 56
133 103 5
133 410 6
134 606 30
134 915 87
134 403 39
134 552 51
134 115 69
134 213 13
134 376 61
135 671 69
135 696 3
135 844 10
135 415 16
135 105 25
135 446 69
135 16 55
135 614 83
136 713 75
136 344 56
136 163 56
137 224 22
137 186 82
138 415 38
138 505 97
138 542 38
138 491 48
138 385 36
138 446 50
139 130 39
139 298 53
139 427 94
139 886 23
140 661 34
140 779 58
140 639 33
140 567 21
141 925 70
141 286 95
141 452 22
141 507 83
142 591 75
143 964 12
143 15 30
143 171 62
143 586 3
143 337 69
143 827 57
143 218 71
144 472 55
144 98 92
145 544 16
145 675 34
145 886 91
145 92 61
145 657 63
145 804 94
146 975 89
146 941 62
146 678 7
146 308 35
147 960 17
147 453 79
148 196 53
148 549 37
148 678 31
148 889 19
149 402 33
149 334 71
149 705 2
149 531 10
149 43 22
149 750 49
149 574 64
149 265 31
150 406 92
150 124 38
150 810 81
150 355 12
150 84 39
150 988 83
150 475 71
150 916 69
150 543 67
151 5 77
151 379 50
151 45 68
152 791 91
152 224 72
152 898 17
153 769 9
153 904 23
153 449 75
154 483 45
154 112 73
155 234 4
155 457 99
155 251 23
155 512 36
155 247 83
156 91 1
156 869 68
156 287 52
156 625 44
156 62 12
157 94 18
157 844 72
157 908 56
157 822 67
158 292 58
158 730 36
158 863 33
158 595 67
158 758 96
158 790 77
159 236 25
159 67 7
159 774 17
159 558 61
159 284 70
159 332 64
159 689 2
159 86 35
160 601 55
160 171 11
160 378 66
160 340 38
160 397 21
161 265 28
161 318 51
161 998 24
161 564 21
161 290 72
161 813 42
161 661 91
162 52 86
162 130 98
162 880 79
162 224 86
163 598 59
163 452 92
163 577 6
163 345 77
163 84 60
163 136 56
164 720 62
164 269 0
164 806 2
164 943 23
164 11 43
164 601 43
164 168 63
165 551 84
165 289 73
165 438 78
165 553 29
165 989 42
166 827 70
166 121 66
166 552 70
166 529 52
166 868 80
166 484 57
166 786 57
167 332 5
167 621 83
167 927 24
167 54 40
167 509 87
167 772 74
167 988 76
167 432 7
168 130 12
168 496 62
168 636 60
168 52 39
168 507 8
168 164 63
169 29 75
169 604 11
169 714 78
169 104 72
169 465 33
169 679 82
170 842 19
170 800 91
170 361 90
170 177 38
171 143 62
171 71 88
171 453 20
171 160 11
171 372 76
171 999 71
171 842 81
171 684 12
171 777 97
172 270 2
173 918 22
173 762 59
173 436 40
174 682 37
174 663 11
174 660 94
174 806 0
174 415 21
174 795 13
174 341 91
175 222 30
175 834 43
176 368 13
176 372 7
177 692 5
177 448 57
177 203 64
177 978 33
177 595 49
177 820 98
177 224 10
177 223 35
177 170 38
177 932 4
178 179 53
178 6 62
178 477 92
178 287 16
178 779 30
178 284 60
178 10 2
179 522 8
179 704 6
179 421 30
179 929 67
179 478 51
179 178 53
179 779 90
180 322 71
180 588 57
180 937 73
181 838 69
181 794 74
181 319 63
181 248 7
181 129 0
182 246 9
182 207 73
182 487 50
182 416 7
182 915 66
183 922 70
183 676 90
183 652 82
183 870 79
183 38 56
183 707 14
183 696 40
184 452 38
184 105 94
184 933 41
184 319 16
184 4 8
185 601 19
185 736 93
185 385 51
185 882 73
185 515 70
186 338 4
186 768 51
186 137 82
186 690 62
187 842 76
187 685 92
187 986 78
187 45 36
187 445 40
187 542 17
187 733 15
188 694 79
188 812 91
188 622 7
188 546 38
188 740 56
189 659 41
189 650 64
189 464 30
189 738 84
190 356 91
190 508 81
190 269 82
190 672 50
190 832 28
191 301 18
191 37 92
191 501 67
191 606 74
192 440 10
192 865 45
192 916 7
192 213 82
192 937 37
193 934 6
193 259 53
193 43 67
194 906 28
194 354 45
194 287 18
195 553 85
195 931 60
195 404 1
195 652 74
196 463 18
196 148 53
196 687 93
197 588 84
197 714 67
197 364 92
197 824 69
197 689 8
198 592 89
199 25 7
199 597 20
199 384 19
199 347 20
199 801 14
200 659 50
200 728 23
200 899 42
200 988 23
200 884 44
201 875 18
201 50 69
201 536 7
201 120 37
201 376 41
202 929 42
202 209 96
202 77 6
202 265 48
202 578 27
203 177 64
203 755 52
203 230 2
203 322 27
204 421 35
204 936 19
204 276 63
204 275 82
205 25 35
205 749 4
205 751 55
205 707 56
205 688 94
205 972 66
206 23 77
206 308 23
206 839 36
206 575 28
206 290 54
206 628 36
207 906 59
207 939 77
207 182 73
207 836 34
207 869 32
207 289 18
208 634 44
208 727 0
208 805 65
208 594 22
208 81 58
208 117 49
208 373 18
208 408 12
208 604 77
208 857 69
209 202 96
209 130 61
210 588 91
210 401 15
210 439 34
210 548 67
210 927 41
210 80 50
210 855 79
211 922 9
211 1000 77
211 603 59
211 915 36
211 633 11
211 375 84
211 614 78
212 741 48
212 804 24
212 27 79
212 119 85
212 607 37
212 498 50
213 659 80
213 473 61
213 881 91
213 134 13
213 192 82
214 893 63
214 982 24
214 906 44
214 851 96
214 900 41
215 310 56
215 61 51
215 286 81
215 907 88
216 503 2
216 918 29
217 882 67
217 975 90
217 126 72
217 36 29
217 312 95
218 697 90
218 645 91
218 444 58
218 502 42
218 53 74
218 651 3
218 143 71
219 229 50
219 524 93
219 57 16
219 819 27
219 381 24
219 390 85
219 340 40
220 871 57
220 993 0
220 646 55
220 546 68
221 849 20
221 493 13
221 595 91
221 39 53
221 512 78
221 120 31
221 765 41
221 51 6
222 429 97
222 175 30
222 624 93
222 341 8
222 569 97
222 563 20
223 665 59
223 653 72
223 83 90
223 177 35
224 261 13
224 137 22
224 336 3
224 152 72
224 177 10
224 162 86
224 304 67
225 424 13
225 983 93
225 93 28
225 691 27
225 671 61
226 112 62
226 423 95
226 352 57
226 230 66
227 236 20
227 944 60
227 979 36
228 257 4
228 85 58
228 99 74
228 52 21
228 633 10
228 82 57
228 766 50
229 607 92
229 956 86
229 219 50
229 855 11
229 408 43
229 248 65
230 613 34
230 226 66
230 203 2
230 279 29
231 871 48
231 442 26
231 917 44
231 552 37
231 314 90
231 906 86
232 697 32
232 405 48
232 750 96
232 820 44
232 918 65
232 474 9
232 2 72
232 503 40
233 108 43
233 759 95
233 814 73
234 66 8
234 302 59
234 155 4
234 911 35
234 739 40
234 105 32
235 702 32
236 248 13
236 671 15
236 332 3
236 159 25
236 593 40
236 57 41
236 28 69
236 227 20
236 491 68
236 361 81
236 381 8
236 370 8
236 30 24
236 596 34
236 602 81
237 74 15
237 599 58
237 854 66
237 255 71
237 615 60
237 302 4
237 918 46
237 865 31
237 700 55
238 85 91
238 447 56
238 353 52
238 302 26
238 374 27
239 849 61
239 594 2
239 317 24
239 949 29
239 913 61
239 346 90
240 331 35
240 85 45
240 373 72
240 507 73
240 803 3
240 89 38
241 626 74
241 582 4
241 39 5
241 478 91
242 28 43
243 745 26
243 479 19
243 827 28
243 58 15
243 383 18
244 40 93
244 330 87
245 838 55
245 587 91
245 279 87
245 662 91
245 933 97
246 415 66
246 248 88
246 81 27
246 925 20
246 659 96
246 37 4
246 288 13
246 897 96
246 249 97
246 9 2
246 362 60
246 182 9
246 718 36
247 466 16
247 573 53
247 155 83
248 246 88
248 236 13
248 23 50
248 834 6
248 499 22
248 500 39
248 285 29
248 229 65
248 451 86
248 181 7
248 333 37
248 58 58
249 246 97
249 459 82
249 771 94
249 747 52
249 588 96
249 360 46
250 36 7
251 366 9
251 589 12
251 266 48
251 780 45
251 792 51
251 155 23
252 908 7
252 667 7
252 302 14
252 329 81
252 31 16
253 933 86
253 911 25
253 96 26
254 726 34
254 118 7
254 557 41
254 110 61
254 607 95
254 12 58
254 477 65
255 783 30
255 818 47
255 419 93
255 49 95
255 237 71
256 476 4
256 482 18
256 715 1
256 560 47
256 122 64
257 287 16
257 574 86
257 228 4
257 597 26
257 713 99
257 944 22
257 894 27
258 751 68
259 193 53
259 688 65
259 911 81
259 909 29
259 282 9
260 390 19
260 901 27
260 630 51
260 477 87
260 597 0
261 458 19
261 224 13
261 638 53
261 811 22
261 41 71
262 821 23
262 422 56
262 710 99
262 643 63
263 617 71
264 426 26
264 506 99
264 997 23
264 847 54
265 821 60
265 672 2
265 515 86
265 161 28
265 106 93
265 703 74
265 202 48
265 702 55
265 305 45
265 589 39
265 149 31
266 927 87
266 573 38
266 251 48
266 979 41
266 472 14
266 128 86
267 333 3
267 7 88
267 979 58
267 611 5
267 288 3
267 475 33
267 687 51
267 67 63
268 671 64
268 656 84
268 751 58
268 777 77
268 408 51
268 856 35
269 164 0
269 190 82
269 85 78
269 771 53
269 270 80
270 295 25
270 172 2
270 443 45
270 294 33
270 753 58
270 399 59
270 269 80
271 973 16
271 720 52
271 972 83
271 400 17
272 465 57
272 643 13
272 107 69
273 28 57
273 92 18
273 298 10
274 593 63
274 982 90
274 525 30
274 949 81
274 640 52
274 745 75
275 121 56
275 204 82
276 788 71
276 513 16
276 204 63
276 947 54
277 130 28
277 558 90
277 648 39
278 358 15
279 461 68
279 245 87
279 521 13
279 709 48
279 230 29
280 739 54
280 303 72
280 522 18
280 648 40
280 935 20
281 713 93
281 712 71
281 11 35
281 618 68
281 512 26
281 769 30
281 739 34
282 304 15
282 962 96
282 259 9
283 872 50
283 413 78
283 301 80
283 372 48
283 916 5
284 415 50
284 699 53
284 132 63
284 830 18
284 569 81
284 74 1
284 159 70
284 178 60
284 938 62
284 875 14
285 248 29
285 779 59
285 851 63
285 953 18
286 588 52
286 497 38
286 599 68
286 751 18
286 141 95
286 215 81
286 974 82
287 999 62
287 257 16
287 366 41
287 470 26
287 178 16
287 805 84
287 194 18
287 156 52
287 626 60
288 246 13
288 395 68
288 97 60
288 267 3
288 927 18
288 464 38
289 165 73
289 628 78
289 19 70
289 639 5
289 207 18
290 206 54
290 555 3
290 161 72
291 71 27
291 565 41
291 122 84
291 66 29
291 861 5
291 26 95
292 415 95
292 158 58
292 26 97
292 682 30
292 566 88
292 125 98
293 774 21
293 977 42
293 486 0
293 980 8
293 921 2
294 124 9
294 270 33
294 998 73
294 997 80
294 33 63
294 891 96
295 729 26
295 270 25
295 68 81
295 917 92
295 113 21
295 483 39
295 737 54
295 880 91
296 842 12
296 695 2
296 437 0
297 463 85
297 835 64
297 60 56
297 347 69
298 645 38
298 305 54
298 475 11
298 273 10
298 139 53
298 896 59
299 82 20
299 841 80
300 124 81
300 128 13
300 115 22
300 370 32
300 84 95
301 351 27
301 191 18
301 283 80
302 234 59
302 381 71
302 612 47
302 561 60
302 252 14
302 434 97
302 377 49
302 541 71
302 238 26
302 237 4
302 887 71
303 728 13
303 740 62
303 437 49
303 566 90
303 280 72
303 498 83
303 73 85
303 747 87
303 54 45
303 88 55
304 695 68
304 503 88
304 104 34
304 282 15
304 122 6
304 224 67
304 648 1
305 298 54
305 892 66
305 818 89
305 332 63
305 265 45
305 403 79
306 85 79
306 488 86
306 6 25
306 658 39
306 64 36
306 93 97
306 849 3
307 31 70
307 121 93
307 891 64
307 996 85
307 443 66
308 206 23
308 14 86
308 336 65
308 146 35
309 534 9
309 626 22
310 968 93
310 215 56
310 323 10
310 790 93
310 1 83
310 505 57
310 390 79
311 390 24
311 327 72
311 467 91
312 375 19
312 949 46
312 895 51
312 616 51
312 217 95
312 941 66
313 603 9
313 340 77
314 499 77
314 231 90
315 638 62
315 705 25
315 65 30
315 782 5
316 127 93
316 485 21
316 888 96
316 589 0
316 651 11
317 239 24
317 562 32
317 488 62
317 131 65
318 564 81
318 5 12
318 737 68
318 161 51
318 836 1
318 792 36
318 912 65
319 475 4
319 181 63
319 184 16
320 694 52
320 336 26
320 34 71
321 445 25
321 10 26
321 744 90
321 125 4
321 327 67
322 64 33
322 180 71
322 877 31
322 38 99
322 703 77
322 908 96
322 203 27
323 310 10
323 414 68
323 489 32
323 439 86
323 822 24
323 854 41
323 353 88
324 661 74
324 2 83
324 562 90
325 435 88
325 596 66
325 79 44
325 580 94
325 688 7
325 860 79
326 689 97
326 22 8
326 615 80
326 435 42
327 37 93
327 14 12
327 567 63
327 917 25
327 311 72
327 12 13
327 87 99
327 321 67
328 821 4
329 840 55
329 109 84
329 549 69
329 252 81
329 634 8
329 547 79
329 946 10
330 906 97
330 680 34
330 957 97
330 843 40
330 115 64
330 244 87
330 516 69
331 81 69
331 697 19
331 442 27
331 240 35
331 941 9
331 404 31
331 954 99
331 10 40
332 236 3
332 167 5
332 52 87
332 477 72
332 132 53
332 305 63
332 974 85
332 159 64
333 925 22
333 267 3
333 373 36
333 248 37
333 743 38
334 149 71
334 10 5
335 67 2
335 461 86
335 73 53
335 967 79
336 224 3
336 813 92
336 320 26
336 706 83
336 308 65
336 438 97
336 984 50
337 143 69
337 787 25
337 49 76
337 473 20
337 509 22
338 32 86
338 186 4
338 388 93
338 687 70
338 830 21
338 969 80
339 736 42
339 536 88
340 510 70
340 352 89
340 852 54
340 313 77
340 825 78
340 867 72
340 160 38
340 219 40
341 222 8
341 605 53
341 880 11
341 635 24
341 625 22
341 174 91
342 634 50
342 872 55
342 735 99
342 834 61
342 687 90
342 119 41
343 631 99
343 110 87
343 525 75
343 112 65
344 997 91
344 949 16
344 589 28
344 136 56
345 28 51
345 163 77
346 541 30
346 239 90
346 785 84
347 895 78
347 445 81
347 934 17
347 297 69
347 63 22
347 199 20
347 76 32
347 526 37
348 401 22
348 356 86
348 867 29
348 503 6
348 653 98
349 465 10
349 40 37
349 11 86
349 74 87
349 525 46
350 396 79
350 564 76
350 869 59
350 365 34
350 569 1
350 82 21
351 555 1
351 301 27
351 475 67
351 853 98
351 805 45
351 950 60
351 970 52
352 340 89
352 226 57
352 829 91
352 807 81
352 567 20
353 901 46
353 390 62
353 499 2
353 73 18
353 238 52
353 323 88
354 194 45
354 657 26
354 789 5
354 892 95
355 880 86
355 457 42
355 150 12
355 68 69
356 450 3
356 719 97
356 190 91
356 348 86
356 455 39
356 559 25
356 404 45
356 561 11
357 36 52
357 457 6
358 495 17
358 278 15
358 467 93
359 995 43
359 694 42
359 596 43
359 894 47
360 932 99
360 733 57
360 554 51
360 249 46
360 27 0
360 800 40
361 236 81
361 22 13
361 170 90
362 246 60
362 545 27
362 863 51
362 696 15
362 833 6
363 580 68
363 556 52
364 583 21
364 557 41
364 508 23
364 593 77
364 197 92
364 30 71
365 350 34
365 495 35
365 68 13
365 514 11
366 287 41
366 251 9
366 943 31
366 962 55
366 885 66
366 121 94
366 371 12
366 472 13
366 595 92
366 642 77
366 13 94
367 538 38
367 544 6
367 941 82
367 650 34
368 415 88
368 176 13
368 41 79
368 883 50
368 858 56
368 810 53
369 415 51
369 397 79
369 933 18
369 799 74
369 58 15
369 768 50
369 597 38
369 568 34
369 42 94
369 565 77
370 784 83
370 575 16
370 236 8
370 300 32
370 739 90
370 109 7
371 688 19
371 532 73
371 691 8
371 419 34
371 366 12
371 923 17
372 176 7
372 171 76
372 607 9
372 283 48
373 240 72
373 74 84
373 79 26
373 529 34
373 333 36
373 208 18
373 25 50
374 923 33
374 699 80
374 238 27
375 69 90
375 312 19
375 105 4
375 36 29
375 211 84
376 819 62
376 769 46
376 812 46
376 834 52
376 601 45
376 201 41
376 134 61
376 760 39
377 122 5
377 961 88
377 302 49
378 42 19
378 782 43
378 19 19
378 630 39
378 160 66
378 839 9
379 151 50
379 49 7
380 74 47
380 554 31
380 754 99
380 777 45
380 622 42
381 302 71
381 236 8
381 35 43
381 845 45
381 716 26
381 434 58
381 219 24
382 798 24
382 648 65
382 632 19
383 499 74
383 884 66
383 466 31
383 243 18
384 845 32
384 199 19
384 659 87
385 601 30
385 185 51
385 820 81
385 138 36
385 61 51
386 670 42
386 921 72
386 728 82
387 588 85
387 926 90
387 430 93
387 662 54
387 857 96
387 874 14
387 17 55
388 338 93
388 53 42
388 562 33
388 960 17
388 977 84
388 762 10
389 767 50
389 70 84
389 747 94
389 103 12
389 81 9
390 472 56
390 531 48
390 260 19
390 311 24
390 353 62
390 874 10
390 219 85
390 310 79
390 871 2
391 845 98
391 731 80
391 659 74
391 399 97
391 426 40
391 514 62
392 522 22
392 897 10
393 722 64
393 406 46
393 666 92
393 29 84
394 592 41
394 39 61
395 288 68
395 937 83
395 110 53
395 877 71
395 2 13
395 706 88
396 729 49
396 544 5
396 350 79
396 817 10
396 129 61
396 586 25
396 543 25
396 473 33
397 369 79
397 526 79
397 924 27
397 793 81
397 35 95
397 160 21
398 975 72
398 901 47
398 113 8
399 619 55
399 940 14
399 688 18
399 270 59
399 913 59
399 391 97
399 521 55
400 651 89
400 590 44
400 869 73
400 271 17
400 470 62
401 210 15
401 348 22
401 60 44
401 470 41
401 740 27
402 692 35
402 149 33
402 874 79
402 4 23
402 555 43
403 417 62
403 994 52
403 714 45
403 134 39
403 871 44
403 709 55
403 305 79
403 945 79
404 331 31
404 195 1
404 356 45
405 232 48
405 976 75
405 660 29
405 59 65
406 112 80
406 517 16
406 150 92
406 455 28
406 393 46
407 609 49
408 993 7
408 229 43
408 268 51
408 485 6
408 615 52
408 208 12
409 922 4
409 709 91
409 728 4
409 692 51
410 82 85
410 133 6
411 27 3
411 101 33
411 502 69
411 559 42
412 906 10
412 558 94
412 90 41
412 766 3
413 107 12
413 283 78
413 467 64
414 323 68
414 824 69
414 659 89
415 1 8
415 246 66
415 65 35
415 465 2
415 368 88
415 694 90
415 631 12
415 292 95
415 849 56
415 369 51
415 726 61
415 284 50
415 738 98
415 138 38
415 425 26
415 818 16
415 585 99
415 135 16
415 174 21
416 842 57
416 684 85
416 182 7
416 420 26
417 766 47
417 581 30
417 403 62
417 525 70
417 112 16
418 940 74
418 764 7
418 91 98
418 448 49
418 736 10
419 607 21
419 670 1
419 255 93
419 616 23
419 371 34
419 484 16
420 490 95
420 763 32
420 740 34
420 416 26
421 179 30
421 204 35
421 987 55
421 130 15
421 808 85
421 506 72
422 262 56
422 57 93
423 226 95
423 757 78
423 554 97
424 739 0
424 776 75
424 225 13
424 918 58
424 866 73
424 932 2
425 515 15
425 947 0
425 415 26
425 520 56
425 862 94
426 454 46
426 264 26
426 587 21
426 764 32
426 692 18
426 391 40
427 442 13
427 139 94
428 578 53
428 989 16
429 697 14
429 222 97
429 788 43
429 960 39
429 723 21
429 471 36
430 387 93
431 651 73
431 535 8
431 695 24
431 999 76
431 897 50
431 497 46
431 640 92
431 788 77
432 618 18
432 493 30
432 669 90
432 167 7
433 964 58
433 998 59
433 889 59
433 632 52
433 831 4
434 924 58
434 912 40
434 105 93
434 302 97
434 381 58
434 47 78
434 634 51
435 446 59
435 325 88
435 326 42
436 934 38
436 705 13
436 561 41
436 173 40
437 296 0
437 529 47
437 303 49
437 892 67
438 984 38
438 165 78
438 23 14
438 336 97
438 742 26
438 861 98
439 210 34
439 836 50
439 506 26
439 323 86
439 446 57
439 867 84
440 720 72
440 775 91
440 192 10
440 827 14
440 755 53
441 81 42
441 648 77
441 490 33
441 737 37
441 608 92
442 331 27
442 427 13
442 231 26
442 904 73
443 922 72
443 270 45
443 628 6
443 716 3
443 608 12
443 307 66
443 592 30
444 218 58
444 520 23
444 100 4
444 638 22
445 604 95
445 321 25
445 187 40
445 47 49
445 347 81
445 973 53
446 57 6
446 435 59
446 439 57
446 605 40
446 521 43
446 135 69
446 912 92
446 138 50
447 512 62
447 707 11
447 2 93
447 238 56
447 898 10
447 65 85
448 177 57
448 554 86
448 70 22
448 565 21
448 631 79
448 418 49
449 509 30
449 850 62
449 921 91
449 153 75
449 64 60
450 65 18
450 356 3
450 620 1
450 59 19
451 578 15
451 248 86
451 105 68
452 163 92
452 184 38
452 689 8
452 141 22
453 171 20
453 503 83
453 147 79
454 626 31
454 426 46
454 627 55
454 64 81
454 517 3
454 885 24
454 484 18
454 46 73
455 986 79
455 905 82
455 406 28
455 356 39
456 620 89
456 730 7
456 541 63
456 947 2
456 800 88
457 355 42
457 357 6
457 155 99
457 599 17
457 598 82
457 557 38
458 662 37
458 66 96
458 76 48
458 261 19
458 543 2
459 249 82
459 937 70
459 610 89
460 771 6
460 746 81
460 572 11
460 957 48
461 335 86
461 279 68
461 829 85
461 533 99
462 122 51
462 133 56
462 110 9
462 975 22
463 906 63
463 196 18
463 847 14
463 953 50
463 297 85
463 659 20
463 638 15
464 472 26
464 786 14
464 91 81
464 189 30
464 596 94
464 288 38
465 415 2
465 698 73
465 349 10
465 789 90
465 272 57
465 523 86
465 169 33
465 868 90
465 70 69
466 676 63
466 247 16
466 383 31
466 938 25
466 99 19
467 868 55
467 792 28
467 413 64
467 669 90
467 473 30
467 358 93
467 582 95
467 311 91
467 50 37
468 869 69
468 878 29
469 784 25
470 766 74
470 401 41
470 287 26
470 621 31
470 400 62
471 788 0
471 803 31
471 881 81
471 429 36
472 33 70
472 390 56
472 935 67
472 464 26
472 144 55
472 889 58
472 570 15
472 266 14
472 366 13
473 337 20
473 804 32
473 213 61
473 929 41
473 467 30
473 768 83
473 396 33
474 882 41
474 792 90
474 678 88
474 232 9
474 479 38
474 129 90
475 298 11
475 319 4
475 351 67
475 83 71
475 880 47
475 526 21
475 60 47
475 267 33
475 478 10
475 150 71
476 28 55
476 256 4
476 959 95
476 962 97
476 493 74
477 332 72
477 725 41
477 178 92
477 719 33
477 572 87
477 917 87
477 260 87
477 254 65
477 773 74
478 179 51
478 92 48
478 529 69
478 475 10
478 241 91
479 243 19
479 895 71
479 474 38
480 944 42
480 868 8
481 976 43
481 575 17
482 256 18
482 73 58
483 634 22
483 765 97
483 154 45
483 701 12
483 295 39
483 871 10
483 529 52
484 849 24
484 623 34
484 493 58
484 454 18
484 166 57
484 419 16
484 879 44
485 316 21
485 530 74
485 43 33
485 408 6
485 543 2
485 60 7
486 558 18
486 48 80
486 293 0
487 832 55
487 764 6
487 649 40
487 653 30
487 182 50
487 631 69
488 817 73
488 571 52
488 827 54
488 317 62
488 306 86
488 93 98
488 493 8
488 855 0
488 783 60
489 853 4
489 323 32
489 779 6
489 1000 42
489 982 72
489 884 50
490 817 72
490 420 95
490 936 66
490 664 37
490 793 19
490 441 33
490 15 35
490 898 50
491 236 68
491 138 48
491 926 45
491 628 75
492 42 6
492 578 54
492 643 43
492 989 82
493 221 13
493 484 58
493 432 30
493 488 8
493 476 74
493 952 24
494 719 50
494 498 16
495 679 79
495 895 98
495 871 15
495 29 13
495 582 19
495 358 17
495 365 35
496 934 75
496 168 62
496 866 79
497 286 38
497 963 67
497 960 85
497 651 76
497 990 93
497 431 46
498 54 88
498 909 89
498 303 83
498 494 16
498 212 50
499 248 22
499 665 67
499 314 77
499 383 74
499 932 90
499 810 66
499 705 58
499 353 2
499 110 13
499 896 53
500 248 39
500 974 29
500 717 62
500 582 34
500 965 7
501 512 43
501 191 67
501 107 74
502 218 42
502 795 92
502 411 69
502 686 77
503 304 88
503 216 2
503 638 52
503 453 83
503 348 6
503 232 40
503 637 41
504 718 13
504 576 51
504 936 53
505 138 97
505 923 93
505 520 0
505 815 70
505 310 57
506 439 26
506 264 99
506 421 72
507 240 73
507 807 15
507 532 30
507 575 76
507 813 19
507 168 8
507 141 83
508 190 81
508 364 23
508 847 54
508 1 97
508 533 49
509 167 87
509 449 30
509 337 22
509 704 18
510 23 29
510 340 70
510 870 51
510 899 52
511 589 72
511 758 57
512 554 35
512 501 43
512 447 62
512 628 49
512 281 26
512 221 78
512 155 36
513 276 16
513 945 24
513 934 78
514 67 80
514 87 34
514 633 3
514 678 73
514 764 74
514 365 11
514 849 39
514 391 62
515 265 86
515 425 15
515 185 70
515 860 63
516 15 32
516 803 74
516 330 69
517 406 16
517 942 94
517 454 3
517 106 26
518 740 91
519 571 24
519 932 39
520 444 23
520 616 97
520 425 56
520 505 0
520 593 77
521 606 68
521 4 34
521 965 94
521 446 43
521 279 13
521 399 55
522 588 27
522 179 8
522 900 6
522 835 41
522 392 22
522 280 18
522 82 42
522 742 5
523 465 86
523 568 56
523 711 26
524 846 59
524 219 93
525 274 30
525 417 70
525 35 6
525 343 75
525 349 46
525 16 83
526 95 70
526 777 15
526 761 33
526 475 21
526 397 79
526 963 59
526 771 82
526 347 37
527 654 74
527 94 40
527 859 94
528 110 41
528 647 53
528 910 92
529 787 49
529 437 47
529 373 34
529 478 69
529 166 52
529 904 38
529 998 90
529 629 90
529 924 3
529 483 52
530 485 74
530 1000 49
531 390 48
531 644 91
531 951 47
531 34 77
531 149 10
531 918 54
531 960 13
532 507 30
532 371 73
532 17 23
533 729 36
533 800 86
533 461 99
533 508 49
533 712 52
534 601 70
534 309 9
534 741 5
534 923 10
534 8 83
534 750 42
535 431 8
535 647 75
535 857 56
535 537 47
535 116 89
536 122 40
536 339 88
536 549 94
536 201 7
537 610 74
537 44 28
537 608 14
537 691 88
537 565 95
537 555 94
537 535 47
537 747 15
538 944 54
538 367 38
538 749 12
538 807 30
538 33 96
539 86 80
539 576 4
539 544 70
539 546 94
539 698 92
540 593 28
540 51 59
540 739 50
540 634 72
541 719 3
541 346 30
541 302 71
541 456 63
541 971 96
542 138 38
542 187 17
543 458 2
543 969 97
543 485 2
543 700 63
543 55 7
543 396 25
543 150 67
544 396 5
544 103 58
544 145 16
544 539 70
544 367 6
545 864 62
545 362 27
546 14 73
546 188 38
546 813 44
546 539 94
546 9 3
546 220 68
546 620 31
547 933 39
547 329 79
547 709 2
547 598 55
548 210 67
548 818 63
548 648 61
548 613 48
548 722 45
549 329 69
549 148 37
549 701 79
549 536 94
550 54 90
550 811 74
550 557 89
550 612 23
551 124 27
551 707 38
551 165 84
551 127 97
552 718 12
552 629 83
552 166 70
552 134 51
552 231 37
552 131 53
553 915 53
553 195 85
553 918 27
553 165 29
553 661 64
553 833 85
554 448 86
554 512 35
554 360 51
554 380 31
554 423 97
555 1 80
555 679 30
555 351 1
555 290 3
555 537 94
555 402 43
556 5 56
556 363 52
557 364 41
557 550 89
557 254 41
557 847 45
557 915 3
557 863 71
557 457 38
558 159 61
558 967 47
558 486 18
558 962 62
558 412 94
558 277 90
559 882 52
559 614 55
559 862 62
559 843 99
559 356 25
559 107 18
559 411 42
560 57 38
560 256 47
560 586 89
560 575 64
560 805 83
561 302 60
561 436 41
561 356 11
562 317 32
562 678 53
562 324 90
562 804 21
562 388 33
562 850 40
563 968 12
563 744 10
563 89 40
563 222 20
563 932 89
564 350 76
564 318 81
564 725 63
564 161 21
564 51 55
564 721 0
564 958 60
565 448 21
565 291 41
565 37 81
565 537 95
565 809 1
565 369 77
565 996 94
566 292 88
566 303 90
567 999 14
567 888 61
567 934 93
567 114 57
567 327 63
567 140 21
567 868 87
567 352 20
568 975 82
568 523 56
568 104 21
568 369 34
569 81 17
569 720 65
569 222 97
569 284 81
569 350 1
569 855 16
570 30 38
570 472 15
570 985 53
571 488 52
571 519 24
571 79 37
572 887 36
572 460 11
572 477 87
572 589 77
573 785 51
573 978 14
573 266 38
573 247 53
573 712 85
574 257 86
574 677 60
574 125 32
574 998 54
574 149 64
575 206 28
575 507 76
575 8 90
575 370 16
575 481 17
575 560 64
575 113 7
575 888 57
576 539 4
576 68 15
576 504 51
577 163 6
577 695 67
577 967 84
577 942 11
578 492 54
578 451 15
578 428 53
578 202 27
579 700 45
580 588 47
580 363 68
580 325 94
581 417 30
581 686 22
581 909 6
581 966 5
581 80 78
581 917 41
582 495 19
582 131 61
582 998 55
582 500 34
582 241 4
582 467 95
583 57 14
583 364 21
584 649 39
584 674 40
584 848 9
584 784 48
585 809 47
585 415 99
585 912 22
585 988 16
586 143 3
586 560 89
586 617 24
586 396 25
587 245 91
587 426 21
587 89 12
587 589 19
587 839 60
588 1 72
588 601 50
588 286 52
588 197 84
588 387 85
588 210 91
588 522 27
588 580 47
588 249 96
588 180 57
588 967 55
589 344 28
589 511 72
589 251 12
589 316 0
589 572 77
589 587 19
589 265 39
589 92 29
590 691 2
590 799 78
590 400 44
591 982 45
591 142 75
591 36 33
592 65 87
592 626 26
592 394 41
592 791 56
592 983 64
592 198 89
592 70 98
592 712 86
592 443 30
593 236 40
593 838 13
593 274 63
593 102 31
593 540 28
593 878 44
593 364 77
593 756 64
593 520 77
594 239 2
594 208 22
594 809 72
595 221 91
595 158 67
595 177 49
595 667 70
595 947 33
595 366 92
595 743 80
596 325 66
596 359 43
596 839 16
596 236 34
596 464 94
596 682 71
597 199 20
597 369 38
597 86 99
597 257 26
597 925 38
597 260 0
598 692 44
598 163 59
598 718 64
598 752 68
598 980 98
598 938 42
598 99 83
598 457 82
598 547 55
599 286 68
599 632 14
599 939 92
599 237 58
599 658 1
599 457 17
600 933 78
601 588 50
601 842 68
601 185 19
601 534 70
601 907 70
601 385 30
601 160 55
601 904 70
601 982 37
601 376 45
601 995 25
601 947 99
601 164 43
601 640 27
602 792 54
602 236 81
602 937 65
602 611 76
603 906 68
603 313 9
603 211 59
604 169 11
604 445 95
604 756 38
604 622 92
604 976 63
604 802 27
604 208 77
604 864 67
605 341 53
605 446 40
606 98 40
606 521 68
606 706 98
606 134 30
606 823 37
606 191 74
606 616 82
606 57 31
607 614 0
607 419 21
607 229 92
607 965 21
607 372 9
607 212 37
607 254 95
608 537 14
608 849 83
608 443 12
608 13 16
608 441 92
609 625 21
609 407 49
610 972 85
610 537 74
610 832 80
610 459 89
610 720 12
611 267 5
611 966 76
611 602 76
612 302 47
612 550 23
613 704 75
613 230 34
613 759 15
613 789 28
613 548 48
614 559 55
614 607 0
614 924 25
614 135 83
614 211 78
615 9 11
615 725 81
615 326 80
615 408 52
615 237 60
615 889 86
615 778 80
616 520 97
616 825 37
616 16 92
616 822 81
616 899 85
616 909 41
616 419 23
616 312 51
616 606 82
617 697 9
617 263 71
617 950 88
617 726 44
617 586 24
618 990 74
618 432 18
618 666 3
618 742 66
618 281 68
619 71 85
619 399 55
619 944 89
620 450 1
620 456 89
620 936 65
620 791 27
620 994 26
620 967 30
620 546 31
621 167 83
621 972 79
621 470 31
621 952 25
622 188 7
622 630 72
622 681 46
622 604 92
622 87 63
622 380 42
623 484 34
623 941 97
623 847 28
623 42 11
623 882 53
624 222 93
624 822 96
625 846 44
625 609 21
625 341 22
625 156 44
625 916 53
625 958 13
626 592 26
626 662 73
626 95 52
626 241 74
626 454 31
626 991 66
626 309 22
626 125 1
626 287 60
627 454 55
628 696 86
628 443 6
628 512 49
628 491 75
628 289 78
628 206 36
629 552 83
629 789 33
629 529 90
630 622 72
630 910 80
630 133 96
630 260 51
630 635 22
630 378 39
631 415 12
631 981 10
631 793 30
631 343 99
631 705 51
631 448 79
631 487 69
632 599 14
632 113 86
632 951 42
632 433 52
632 382 19
633 514 3
633 901 98
633 228 10
633 211 11
633 41 22
634 81 76
634 483 22
634 342 50
634 208 44
634 770 88
634 329 8
634 671 78
634 681 39
634 540 72
634 434 51
635 878 10
635 341 24
635 630 22
635 704 87
636 720 28
636 168 60
636 69 3
636 803 79
636 985 15
637 71 97
637 93 85
637 503 41
638 261 53
638 315 62
638 503 52
638 444 22
638 10 90
638 463 15
638 717 19
639 649 69
639 140 33
639 289 5
640 996 86
640 700 31
640 274 52
640 601 27
640 431 92
641 67 33
641 112 33
641 785 57
641 18 21
641 832 98
641 84 21
642 682 32
642 77 41
642 55 63
642 712 30
642 366 77
643 492 43
643 272 13
643 997 71
643 262 63
643 726 52
644 531 91
644 817 16
645 218 91
645 298 38
645 921 78
645 129 22
646 12 84
646 887 92
646 848 3
646 220 55
646 35 73
646 711 98
647 912 94
647 535 75
647 528 53
647 847 9
648 441 77
648 382 65
648 280 40
648 713 53
648 548 61
648 277 39
648 304 1
648 888 99
649 739 77
649 584 39
649 639 69
649 132 38
649 487 40
649 678 70
650 682 23
650 854 9
650 189 64
650 766 41
650 367 34
651 497 76
651 431 73
651 400 89
651 316 11
651 218 3
651 977 67
652 183 82
652 3 30
652 120 58
652 733 23
652 195 74
653 996 91
653 911 73
653 348 98
653 487 30
653 223 72
653 893 80
654 699 88
654 527 74
654 43 76
655 906 4
655 95 49
656 268 84
656 796 72
656 851 68
656 735 77
656 787 33
656 916 16
656 792 4
657 354 26
657 145 63
658 81 24
658 599 1
658 855 77
658 306 39
658 987 94
659 246 96
659 213 80
659 200 50
659 189 41
659 391 74
659 463 20
659 414 89
659 384 87
659 727 66
660 405 29
660 82 0
660 756 17
660 174 94
661 941 48
661 140 34
661 324 74
661 553 64
661 161 91
662 626 73
662 873 11
662 458 37
662 387 54
662 245 91
663 174 11
663 36 31
664 490 37
664 957 29
664 739 39
665 499 67
665 973 28
665 223 59
665 840 3
666 618 3
666 765 69
666 842 84
666 393 92
667 974 17
667 252 7
667 595 70
667 103 11
667 996 23
667 91 83
668 763 2
668 686 79
668 91 53
669 707 72
669 46 68
669 467 90
669 719 40
669 432 90
670 419 1
670 386 42
670 759 46
670 843 73
670 74 43
670 825 76
671 236 15
671 268 64
671 116 11
671 135 69
671 808 98
671 107 62
671 758 46
671 32 28
671 918 2
671 830 71
671 634 78
671 225 61
672 265 2
672 745 68
672 190 50
672 719 38
673 893 16
673 804 84
673 814 44
674 963 61
674 64 51
674 584 40
675 145 34
675 848 57
675 47 69
675 949 24
675 766 85
676 183 90
676 466 63
677 574 60
677 70 76
678 474 88
678 562 53
678 514 73
678 146 7
678 148 31
678 780 87
678 917 12
678 649 70
679 555 30
679 495 79
679 766 1
679 831 6
679 37 62
679 169 82
680 330 34
680 829 66
680 81 90
680 790 92
680 835 24
681 622 46
681 634 39
682 292 30
682 20 71
682 642 32
682 650 23
682 174 37
682 812 16
682 596 71
683 871 28
683 45 74
684 416 85
684 828 58
684 690 69
684 893 31
684 171 12
685 187 92
685 748 42
685 843 72
686 581 22
686 668 79
686 502 77
687 924 48
687 884 60
687 954 96
687 958 98
687 338 70
687 54 14
687 342 90
687 267 51
687 829 24
687 196 93
687 65 35
688 720 10
688 371 19
688 259 65
688 727 47
688 399 18
688 205 94
688 325 7
688 955 64
689 452 8
689 326 97
689 857 98
689 880 27
689 197 8
689 159 2
689 877 79
690 800 78
690 684 69
690 186 62
691 81 14
691 590 2
691 989 27
691 537 88
691 371 8
691 966 69
691 809 2
691 225 27
692 81 72
692 598 44
692 177 5
692 402 35
692 885 5
692 770 59
692 426 18
692 961 70
692 409 51
693 110 40
693 83 3
693 93 63
693 53 20
694 415 90
694 320 52
694 188 79
694 359 42
694 56 7
695 296 2
695 304 68
695 431 24
695 577 67
695 860 49
695 127 5
696 135 3
696 628 86
696 14 21
696 362 15
696 183 40
697 331 19
697 218 90
697 232 32
697 429 14
697 617 9
697 920 44
698 465 73
698 83 76
698 33 17
698 847 82
698 539 92
699 284 53
699 654 88
699 874 6
699 917 30
699 781 69
699 374 80
699 124 63
699 928 94
700 36 58
700 579 45
700 640 31
700 998 99
700 543 63
700 237 55
701 483 12
701 784 15
701 549 79
702 82 45
702 235 32
702 39 65
702 265 55
702 108 87
702 956 80
703 793 65
703 265 74
703 322 77
704 179 6
704 797 93
704 613 75
704 955 67
704 635 87
704 982 78
704 509 18
705 631 51
705 499 58
705 149 2
705 315 25
705 436 13
705 731 46
705 800 52
706 606 98
706 881 93
706 336 83
706 395 88
707 551 38
707 669 72
707 1 67
707 183 14
707 447 11
707 205 56
708 773 80
708 968 73
708 48 86
708 121 3
708 19 42
709 409 91
709 279 48
709 403 55
709 547 2
710 773 97
710 262 99
710 894 41
711 907 1
711 877 0
711 952 60
711 646 98
711 523 26
712 281 71
712 935 49
712 642 30
712 573 85
712 592 86
712 982 77
712 533 52
713 729 77
713 281 93
713 136 75
713 257 99
713 648 53
713 820 47
714 197 67
714 169 78
714 403 45
715 256 1
715 864 14
716 32 14
716 917 6
716 443 3
716 381 26
716 759 90
717 500 62
717 755 43
717 724 89
717 638 19
718 598 64
718 734 60
718 846 13
718 552 12
718 50 51
718 504 13
718 246 36
719 356 97
719 541 3
719 494 50
719 754 18
719 477 33
719 669 40
719 1 72
719 672 38
720 569 65
720 164 62
720 440 72
720 636 28
720 688 10
720 119 59
720 271 52
720 610 12
721 766 90
721 564 0
722 95 91
722 393 64
722 898 36
722 89 61
722 548 45
723 865 34
723 429 21
723 886 25
724 940 66
724 849 79
724 717 89
725 477 41
725 615 81
725 564 63
726 415 61
726 254 34
726 617 44
726 643 52
727 208 0
727 688 47
727 659 66
728 200 23
728 303 13
728 732 84
728 8 53
728 409 4
728 831 85
728 386 82
728 777 0
728 738 85
729 95 2
729 396 49
729 922 27
729 713 77
729 533 36
729 295 26
729 971 54
730 158 36
730 121 79
730 801 7
730 753 7
730 456 7
731 391 80
731 902 77
731 995 32
731 121 6
731 705 46
732 728 84
732 923 7
733 360 57
733 832 48
733 652 23
733 109 96
733 187 15
734 718 60
734 89 85
734 65 7
735 342 99
735 656 77
735 73 82
736 185 93
736 339 42
736 418 10
737 318 68
737 441 37
737 295 54
737 25 76
738 415 98
738 998 22
738 728 85
738 189 84
739 65 74
739 649 77
739 280 54
739 36 47
739 424 0
739 118 13
739 234 40
739 540 50
739 370 90
739 664 39
739 25 96
739 281 34
740 303 62
740 518 91
740 965 58
740 401 27
740 420 34
740 188 56
741 882 26
741 212 48
741 534 5
741 784 24
742 618 66
742 907 66
742 522 5
742 438 26
742 952 31
742 109 9
743 42 42
743 333 38
743 595 80
744 98 71
744 904 16
744 952 42
744 563 10
744 321 90
745 672 68
745 993 65
745 243 26
745 274 75
746 460 81
746 986 20
747 249 52
747 837 73
747 389 94
747 844 76
747 303 87
747 537 15
748 937 72
748 685 42
748 931 50
749 205 4
749 816 38
749 538 12
750 232 96
750 845 13
750 798 19
750 819 20
750 149 49
750 534 42
750 983 19
751 268 58
751 258 68
751 286 18
751 205 55
752 598 68
753 82 27
753 730 7
753 270 58
753 795 36
754 719 18
754 861 23
754 782 58
754 380 99
755 919 45
755 203 52
755 717 43
755 440 53
756 604 38
756 660 17
756 593 64
756 793 81
756 30 47
757 937 73
757 423 78
757 865 17
757 880 97
758 671 46
758 108 96
758 511 57
758 158 96
758 79 11
759 670 46
759 613 15
759 82 31
759 233 95
759 716 90
759 762 82
760 915 38
760 838 53
760 981 34
760 111 45
760 376 39
761 775 65
761 526 33
761 892 23
761 860 88
762 173 59
762 759 82
762 388 10
763 420 32
763 668 2
763 94 40
763 808 1
764 418 7
764 487 6
764 426 32
764 514 74
764 7 10
765 483 97
765 666 69
765 771 31
765 221 41
766 679 1
766 417 47
766 721 90
766 470 74
766 650 41
766 675 85
766 412 3
766 228 50
767 986 31
767 389 50
768 986 58
768 369 50
768 186 51
768 473 83
768 865 76
769 67 65
769 42 42
769 887 55
769 781 10
769 153 9
769 376 46
769 60 34
769 281 30
770 634 88
770 692 59
770 22 86
770 911 86
771 249 94
771 460 6
771 269 53
771 765 31
771 526 82
772 167 74
772 111 91
772 801 52
773 924 6
773 708 80
773 892 49
773 710 97
773 477 74
774 159 17
774 875 13
774 293 21
774 965 75
775 440 91
775 761 65
775 930 93
776 424 75
776 864 19
777 526 15
777 268 77
777 728 0
777 993 28
777 171 97
777 380 45
778 945 63
778 615 80
779 140 58
779 51 20
779 285 59
779 950 54
779 178 30
779 489 6
779 26 4
779 179 90
780 786 33
780 251 45
780 820 24
780 678 87
781 769 10
781 699 69
782 378 43
782 754 58
782 795 7
782 315 5
782 984 57
783 23 61
783 964 9
783 856 3
783 255 30
783 488 60
784 71 79
784 469 25
784 370 83
784 701 15
784 741 24
784 584 48
785 641 57
785 573 51
785 39 76
785 346 84
785 108 45
786 464 14
786 780 33
786 166 57
787 337 25
787 529 49
787 948 28
787 656 33
787 825 75
787 101 31
788 429 43
788 276 71
788 471 0
788 431 77
789 465 90
789 858 97
789 118 29
789 354 5
789 629 33
789 613 28
790 842 84
790 310 93
790 937 76
790 158 77
790 680 92
790 882 25
791 592 56
791 152 91
791 911 3
791 620 27
791 31 46
791 132 78
791 104 33
792 474 90
792 602 54
792 467 28
792 922 63
792 318 36
792 251 51
792 656 4
793 631 30
793 903 54
793 703 65
793 490 19
793 876 90
793 397 81
793 974 41
793 756 81
794 42 2
794 181 74
795 502 92
795 753 36
795 782 7
795 907 76
795 964 24
795 174 13
796 656 72
796 948 0
797 704 93
797 883 90
798 750 19
798 382 24
799 369 74
799 590 78
800 170 91
800 690 78
800 116 80
800 533 86
800 964 72
800 705 52
800 456 88
800 360 40
801 772 52
801 730 7
801 57 4
801 969 92
801 199 14
802 827 91
802 129 96
802 604 27
802 850 52
803 240 3
803 471 31
803 930 15
803 516 74
803 636 79
804 212 24
804 473 32
804 562 21
804 673 84
804 850 38
804 145 94
805 944 52
805 877 3
805 208 65
805 287 84
805 560 83
805 351 45
806 164 2
806 115 78
806 174 0
806 32 59
807 507 15
807 75 42
807 538 30
807 352 81
807 876 7
808 671 98
808 859 46
808 946 54
808 421 85
808 763 1
809 882 4
809 585 47
809 19 23
809 594 72
809 565 1
809 691 2
810 499 66
810 368 53
810 150 81
810 941 80
811 261 22
811 550 74
811 62 76
812 188 91
812 93 9
812 851 7
812 376 46
812 682 16
813 336 92
813 546 44
813 507 19
813 95 79
813 161 42
814 882 19
814 10 83
814 673 44
814 233 73
815 909 30
815 973 91
815 505 70
815 869 35
816 106 79
816 749 38
816 904 8
817 396 10
817 490 72
817 488 73
817 644 16
818 255 47
818 415 16
818 305 89
818 548 63
818 859 96
819 750 20
819 376 62
819 219 27
820 232 44
820 876 53
820 843 79
820 385 81
820 177 98
820 780 24
820 713 47
821 925 79
821 265 60
821 94 19
821 328 4
821 262 23
821 40 1
821 97 81
821 980 29
822 616 81
822 624 96
822 323 24
822 157 67
823 840 45
823 606 37
823 51 46
824 124 34
824 414 69
824 939 72
824 197 69
825 616 37
825 340 78
825 787 75
825 670 76
826 866 89
827 488 54
827 802 91
827 90 56
827 166 70
827 243 28
827 440 14
827 143 57
828 684 58
828 979 29
829 680 66
829 461 85
829 352 91
829 687 24
830 72 95
830 284 18
830 671 71
830 338 21
831 679 6
831 56 24
831 82 9
831 728 85
831 433 4
831 114 94
832 610 80
832 62 16
832 487 55
832 733 48
832 641 98
832 922 83
832 895 63
832 111 97
832 190 28
833 849 92
833 998 27
833 362 6
833 553 85
834 248 6
834 175 43
834 870 17
834 376 52
834 342 61
835 522 41
835 99 83
835 297 64
835 993 11
835 680 24
836 439 50
836 207 34
836 931 63
836 318 1
836 37 25
837 747 73
838 593 13
838 245 55
838 181 69
838 88 18
838 760 53
839 206 36
839 378 9
839 596 16
839 587 60
840 665 3
840 823 45
840 329 55
841 299 80
842 601 68
842 187 76
842 416 57
842 296 12
842 850 81
842 170 19
842 790 84
842 171 81
842 666 84
843 820 79
843 559 99
843 330 40
843 670 73
843 685 72
844 135 10
844 157 72
844 747 76
845 750 13
845 384 32
845 391 98
845 12 9
845 381 45
846 718 13
846 625 44
846 919 93
846 524 59
846 992 36
846 931 41
847 463 14
847 996 62
847 647 9
847 623 28
847 508 54
847 557 45
847 698 82
847 264 54
848 675 57
848 996 1
848 646 3
848 584 9
849 415 56
849 484 24
849 91 16
849 239 61
849 221 20
849 833 92
849 608 83
849 970 53
849 724 79
849 514 39
849 306 3
850 842 81
850 449 62
850 562 40
850 804 38
850 802 52
851 656 68
851 812 7
851 214 96
851 285 63
852 340 54
852 83 71
852 977 97
853 16 59
853 489 4
853 351 98
854 650 9
854 323 41
854 237 66
855 973 32
855 229 11
855 658 77
855 97 70
855 488 0
855 210 79
855 569 16
856 783 3
856 268 35
857 91 22
857 535 56
857 387 96
857 689 98
857 208 69
858 789 97
858 24 43
858 368 56
859 808 46
859 818 96
859 527 94
860 940 91
860 695 49
860 761 88
860 325 79
860 515 63
861 754 23
861 983 64
861 291 5
861 438 98
861 911 67
862 559 62
862 425 94
863 158 33
863 362 51
863 557 71
864 915 71
864 545 62
864 895 93
864 715 14
864 776 19
864 604 67
865 192 45
865 723 34
865 757 17
865 237 31
865 768 76
865 990 63
866 893 27
866 826 89
866 496 79
866 118 23
866 424 73
867 129 34
867 348 29
867 340 72
867 997 0
867 439 84
868 26 73
868 467 55
868 480 8
868 989 5
868 166 80
868 567 87
868 465 90
869 350 59
869 468 69
869 931 23
869 156 68
869 207 32
869 400 73
869 815 35
870 510 51
870 183 79
870 40 65
870 30 73
870 834 17
870 9 92
870 24 23
871 495 15
871 683 28
871 220 57
871 231 48
871 45 77
871 403 44
871 483 10
871 109 54
871 390 2
872 342 55
872 283 50
872 113 18
872 80 28
872 921 30
873 662 11
873 995 37
874 699 6
874 402 79
874 387 14
874 390 10
875 774 13
875 201 18
875 284 14
876 820 53
876 793 90
876 953 90
876 807 7
877 805 3
877 395 71
877 711 0
877 322 31
877 102 47
877 689 79
878 593 44
878 635 10
878 468 29
878 970 19
879 37 98
879 484 44
880 882 69
880 355 86
880 891 86
880 475 47
880 341 11
880 162 79
880 689 27
880 757 97
880 41 47
880 295 91
881 706 93
881 471 81
881 213 91
882 12 47
882 890 15
882 217 67
882 559 52
882 880 69
882 474 41
882 809 4
882 741 26
882 814 19
882 185 73
882 623 53
882 790 25
883 368 50
883 797 90
883 998 42
884 687 60
884 383 66
884 96 55
884 200 44
884 489 50
885 692 5
885 366 66
885 911 40
885 454 24
886 145 91
886 723 25
886 139 23
887 769 55
887 572 36
887 646 92
887 41 8
887 944 60
887 302 71
888 567 61
888 316 96
888 935 34
888 575 57
888 648 99
889 433 59
889 472 58
889 615 86
889 148 19
890 882 15
890 984 91
890 956 83
891 880 86
891 307 64
891 294 96
891 992 26
892 773 49
892 305 66
892 761 23
892 354 95
892 437 67
893 95 45
893 866 27
893 673 16
893 214 63
893 684 31
893 951 1
893 653 80
894 981 29
894 710 41
894 359 47
894 257 27
895 495 98
895 347 78
895 864 93
895 479 71
895 832 63
895 312 51
896 941 94
896 499 53
896 298 59
897 246 96
897 42 48
897 56 94
897 392 10
897 431 50
898 722 36
898 490 50
898 152 17
898 447 10
899 200 42
899 616 85
899 916 36
899 510 52
900 522 6
900 14 97
900 214 41
901 398 47
901 353 46
901 998 59
901 24 22
901 633 98
901 260 27
901 66 41
902 731 77
903 793 54
903 85 63
904 744 16
904 31 56
904 601 70
904 442 73
904 153 23
904 816 8
904 529 38
905 455 82
905 51 14
905 988 50
906 81 13
906 655 4
906 330 97
906 603 68
906 463 63
906 412 10
906 194 28
906 207 59
906 57 23
906 214 44
906 231 86
907 601 70
907 711 1
907 742 66
907 215 88
907 795 76
908 65 52
908 968 59
908 130 71
908 252 7
908 322 96
908 157 56
909 581 6
909 815 30
909 259 29
909 498 89
909 616 41
910 630 80
910 528 92
911 791 3
911 259 81
911 653 73
911 234 35
911 885 40
911 253 25
911 770 86
911 861 67
912 434 40
912 647 94
912 585 22
912 446 92
912 57 85
912 318 65
913 933 84
913 239 61
913 399 59
914 934 56
914 61 56
914 86 69
915 129 71
915 760 38
915 864 71
915 553 53
915 134 87
915 211 36
915 557 3
915 182 66
916 192 7
916 18 46
916 656 16
916 899 36
916 283 5
916 625 53
916 150 69
917 716 6
917 231 44
917 327 25
917 699 30
917 295 92
917 581 41
917 477 87
917 678 12
918 671 2
918 173 22
918 216 29
918 232 65
918 553 27
918 424 58
918 531 54
918 237 46
919 846 93
919 755 45
919 925 21
919 124 38
920 697 44
920 988 2
921 386 72
921 872 30
921 645 78
921 449 91
921 293 2
922 729 27
922 183 70
922 211 9
922 409 4
922 443 72
922 832 83
922 792 63
923 979 15
923 374 33
923 505 93
923 534 10
923 732 7
923 119 22
923 371 17
924 33 12
924 687 48
924 773 6
924 434 58
924 397 27
924 614 25
924 529 3
924 966 81
925 246 20
925 821 79
925 333 22
925 141 70
925 959 58
925 919 21
925 597 38
926 387 90
926 982 6
926 491 45
927 167 24
927 266 87
927 288 18
927 210 41
928 21 61
928 699 94
929 179 67
929 202 42
929 112 13
929 473 41
930 38 64
930 803 15
930 775 93
931 869 23
931 17 72
931 836 63
931 985 30
931 748 50
931 195 60
931 846 41
932 499 90
932 360 99
932 519 39
932 424 2
932 563 89
932 177 4
933 369 18
933 547 39
933 600 78
933 253 86
933 913 84
933 103 65
933 184 41
933 245 97
934 567 93
934 193 6
934 914 56
934 436 38
934 496 75
934 109 58
934 347 17
934 513 78
935 472 67
935 712 49
935 888 34
935 280 20
936 490 66
936 204 19
936 620 65
936 504 53
937 395 83
937 757 73
937 748 72
937 459 70
937 790 76
937 50 41
937 192 37
937 602 65
937 180 73
938 598 42
938 133 74
938 466 25
938 284 62
939 207 77
939 599 92
939 824 72
939 51 49
940 968 39
940 860 91
940 418 74
940 27 78
940 2 49
940 724 66
940 399 14
941 331 9
941 661 48
941 896 94
941 146 62
941 623 97
941 810 80
941 367 82
941 80 76
941 312 66
942 517 94
942 577 11
943 164 23
943 366 31
944 227 60
944 4 99
944 480 42
944 805 52
944 538 54
944 619 89
944 887 60
944 257 22
944 96 10
945 59 30
945 778 63
945 513 24
945 951 39
945 953 68
945 403 79
946 808 54
946 329 10
947 425 0
947 595 33
947 456 2
947 276 54
947 601 99
947 989 36
948 787 28
948 970 21
948 796 0
949 344 16
949 239 29
949 312 46
949 274 81
949 675 24
950 25 42
950 617 88
950 779 54
950 351 60
951 531 47
951 632 42
951 945 39
951 893 1
952 744 42
952 711 60
952 114 12
952 621 25
952 493 24
952 742 31
953 463 50
953 945 68
953 876 90
953 285 18
954 687 96
954 96 47
954 331 99
955 110 65
955 704 67
955 688 64
956 229 86
956 890 83
956 702 80
957 330 97
957 664 29
957 460 48
958 687 98
958 625 13
958 564 60
959 925 58
959 476 95
960 497 85
960 147 17
960 73 66
960 429 39
960 388 17
960 531 13
961 43 50
961 377 88
961 692 70
962 282 96
962 558 62
962 366 55
962 476 97
963 497 67
963 674 61
963 526 59
964 783 9
964 143 12
964 98 34
964 433 58
964 795 24
964 800 72
965 607 21
965 774 75
965 521 94
965 740 58
965 500 7
966 611 76
966 581 5
966 691 69
966 967 65
966 924 81
967 558 47
967 335 79
967 577 84
967 588 55
967 620 30
967 966 65
968 908 59
968 940 39
968 310 93
968 563 12
968 708 73
968 61 93
969 543 97
969 801 92
969 86 64
969 338 80
970 25 36
970 849 53
970 948 21
970 351 52
970 878 19
971 729 54
971 98 65
971 541 96
972 621 79
972 610 85
972 79 74
972 271 83
972 205 66
973 665 28
973 86 92
973 855 32
973 271 16
973 815 91
973 445 53
973 987 51
974 500 29
974 667 17
974 127 63
974 332 85
974 793 41
974 286 82
975 217 90
975 398 72
975 568 82
975 146 89
975 462 22
976 405 75
976 481 43
976 604 63
977 293 42
977 852 97
977 105 43
977 388 84
977 651 67
978 177 33
978 573 14
979 267 58
979 923 15
979 828 29
979 227 36
979 266 41
979 43 81
980 598 98
980 293 8
980 821 29
981 631 10
981 894 29
981 760 34
982 274 90
982 591 45
982 214 24
982 926 6
982 601 37
982 704 78
982 489 72
982 712 77
983 592 64
983 225 93
983 861 64
983 750 19
984 890 91
984 438 38
984 336 50
984 782 57
985 5 91
985 931 30
985 636 15
985 570 53
986 187 78
986 767 31
986 455 79
986 768 58
986 746 20
986 991 75
987 84 84
987 421 55
987 973 51
987 658 94
987 105 7
988 200 23
988 920 2
988 115 31
988 167 76
988 150 83
988 905 50
988 585 16
989 691 27
989 124 53
989 428 16
989 868 5
989 492 82
989 165 42
989 947 36
990 497 93
990 618 74
990 114 48
990 85 16
990 865 63
991 626 66
991 986 75
991 90 35
992 846 36
992 13 52
992 21 61
992 5 97
992 891 26
992 83 49
993 745 65
993 408 7
993 220 0
993 835 11
993 777 28
993 96 36
994 403 52
994 995 16
994 620 26
995 994 16
995 359 43
995 731 32
995 601 25
995 873 37
996 847 62
996 653 91
996 640 86
996 848 1
996 667 23
996 307 85
996 565 94
997 95 52
997 69 46
997 344 91
997 101 54
997 294 80
997 264 23
997 867 0
997 643 71
998 433 59
998 901 59
998 582 55
998 294 73
998 161 24
998 833 27
998 700 99
998 574 54
998 529 90
998 115 91
998 738 22
998 883 42
999 37 13
999 567 14
999 287 62
999 171 71
999 431 76
1000 211 77
1000 530 49
1000 489 42
